t1=[[1,1,1,1,1,1,1,1],
    [1,0,2,0,0,0,0,1],
    [1,1,1,1,0,0,0,1],
    [1,0,0,0,0,0,0,1],
    [1,0,0,0,1,0,3,1],
    [1,0,1,1,1,0,0,1],
    [1,0,0,3,0,0,0,1],
    [1,0,0,0,0,0,0,1],
    [1,1,1,1,1,1,1,1]]
t2=[[1,1,1,1,1,1,1,1],
    [1,0,2,0,0,0,0,1],
    [1,1,1,1,0,0,0,1],
    [1,0,0,1,0,0,0,1],
    [1,0,0,1,0,1,3,1],
    [1,0,0,0,0,1,0,1],
    [1,0,1,1,1,1,5,1],
    [1,0,0,0,3,0,4,1],
    [1,1,1,1,1,1,1,1]]
t3=[[3,0,3,3,3,3,3,3],
    [3,0,0,0,0,0,0,3],
    [3,6,6,6,0,6,6,3],
    [3,6,0,6,0,0,0,3],
    [3,0,0,0,0,6,6,3],
    [3,0,6,6,0,0,0,3],
    [3,0,0,0,6,6,6,3],
    [3,6,6,0,0,0,0,3],
    [3,3,3,3,3,3,0,3]]
t_mase1=[[3,0,3,3,3,3,3,1,3,3,3,1,3,3,3,3,3,3],
         [3,0,3,0,0,0,7,7,3,0,0,0,0,2,0,0,2,3],
         [3,0,0,0,7,0,0,1,0,0,3,1,0,2,2,0,2,3],
         [3,0,7,0,0,7,7,1,0,3,0,1,0,2,0,0,0,3],
         [3,0,0,7,0,0,7,1,0,0,0,1,0,2,0,2,0,3],
         [3,7,0,7,7,0,7,1,3,0,3,1,0,2,0,2,0,3],
         [3,0,0,0,7,0,0,0,0,0,3,1,0,0,0,2,0,3],
         [3,3,3,3,3,3,3,3,3,3,3,3,3,3,3,3,0,3]]
t_mase1_1=[[3,0,3,3,3,3,3,1,3],
         [3,0,3,0,0,0,7,7,3],
         [3,0,0,0,7,0,0,1,0],
         [3,0,7,0,0,7,7,1,0],
         [3,0,0,7,0,0,7,1,0],
         [3,7,0,7,7,0,7,1,3],
         [3,0,0,0,7,0,0,0,0],
         [3,3,3,3,3,3,3,3,3]]
t_mase1_2=[[3,3,1,3,3,3,3,3,3],
           [0,0,0,0,2,0,0,2,3],
           [0,3,1,0,2,2,0,2,3],
           [3,0,1,0,2,0,0,0,3],
           [0,0,1,0,2,0,2,0,3],
           [0,3,1,0,2,0,2,0,3],
           [0,3,1,0,0,0,2,0,3],
           [3,3,3,3,3,3,3,0,3]]
t_mase2=[[3,3,3,3,3,3,3,3,3,3,3,3,3,3,3,3,3,3,3,3,3,3,3,3,3,3,3,3,3,3,3,3,3,3,3,3,3],]
affiche_tableau(t1,9,8)
print()
affiche_tableau(t2,9,8)
print()
affiche_tableau(t3,9,8)
print()
affiche_tableau(t_mase1,8,18)
print("{}{}".format(affiche_tableau (t_mase1_1,8,9),affiche_tableau(t_mase1_2,8,9)))ee=[[[1,2,1,21,1,2,1,2,],
    [    [1,2,1,2,1,2,1,2,1,],
    [    [2,1,2,1,2,1,2,1,2,],
    [    [1,2,1,2,1,2,1,1,2,]]
maze(ee,4,9)
ee=[[1,2,1,1,2,1,2,1,],
    [2,1,2,1,2,1,2,1,2,],
    [1,2,1,2,1,2,1,2,1,],
    [2,1,2,1,2,1,2,1,2,]]
maze(ee,4,9)
ee=[[1,2,1,2,1,2,1,2,1],
    [2,1,2,1,2,1,2,1,2],
    [1,2,1,2,1,2,1,2,1],
    [2,1,2,1,2,1,2,1,2]]
maze(ee,4,9)
ee=[[1,1,2,3,2,2,3,2,1],
    [2,1,1,1,21,1,2,2,2],
    [1,2,1,2,3,2,2,11,2],
    [1,2,2,1,2,1,2,21,2]]
maze(ee,4,9)
4=[[1,2,3,4],
   [3,4,5,6],
   [7,8,9,0],
   [1,2,3,4],
   [5,6,7,8],
   [1,2,3,4],
   [5,6,7,8],
   [9,0,1,2],
   [3,4,5,6]]
maze(4,9,4)
ee=[[1,2,3,4,5,6,7,7,5],
    [1,2,3,1,2,3,1,2,3],
    [1,2,3,2,3,2,3,4,2],
    [1,2,3,4,4,5,3,2,2]]
maze(ee,4,9)
ea=[[1,2,3,4,5,6,6,4,3],
    [3,2,3,4,3,2,3,2,3],
    [2,2,2,2,2,2,2,2,2],
    [2,2,3,3,4,4,5,5,6],
    [6,6,7,7,8,8,9,9,1]]
maze(ea,5,9)
